[[  7.75064479e-04   5.81065574e-04   1.44709853e-04 ...,   3.23804681e-04
    8.37708958e-06   7.32945607e-04]
 [  2.06313183e-04   2.06313183e-04   2.06313183e-04 ...,   2.06313183e-04
    2.06313183e-04   2.06313183e-04]
 [  2.16840780e-05   2.16840780e-05   2.16840780e-05 ...,   2.16840780e-05
    2.16840780e-05   1.10588798e-03]
 ..., 
 [  6.80300522e-04   2.05449896e-05   2.05449896e-05 ...,   1.46295957e-03
    4.40071946e-04   6.72701379e-04]
 [  1.11887065e-05   2.84370956e-04   1.11887065e-05 ...,   1.11887065e-05
    6.99342062e-04   1.71660062e-04]
 [  1.57458946e-05   4.58681487e-04   1.57458946e-05 ...,   1.57458946e-05
    1.57458946e-05   5.60080467e-04]]